a <-2
b <- 13
c <- 3

d<-4 

xx<-115888

yy <- 4564643