a <-2
b <- 13
c <- 3

d<-4 