a <-2
b <- 13
c <- 3

d<- 0

xx<-115888

yy <- 4564643

abc = "def"
