a <-2
b <- 13
c <- 3
kk <- 5
d<- 5

k <- 5444444422222
varmistus <- 1
git_t <- 3
t <- 55

xx<-115888

yy <- 4564643

abc = "def"
