a <-2
b <- 13
c <- 3

d<-400 

xx<-115888

yy <- 4564643

abc = "def"
